#  radius      radius       Ti/keV      ne/1e19m^-3
#
7.895161e-03 7.895161e-03 2.852400e+00 2.897900e+00
3.431048e-02 3.431048e-02 2.852400e+00 2.897900e+00
6.059839e-02 6.059839e-02 2.852400e+00 2.874464e+00
8.679839e-02 8.679839e-02 2.852400e+00 2.845975e+00
1.129435e-01 1.129435e-01 2.793052e+00 2.813302e+00
1.390806e-01 1.390806e-01 2.673284e+00 2.780466e+00
1.652500e-01 1.652500e-01 2.553368e+00 2.746862e+00
1.915000e-01 1.915000e-01 2.452593e+00 2.712921e+00
2.178790e-01 2.178790e-01 2.366287e+00 2.678365e+00
2.444435e-01 2.444435e-01 2.280316e+00 2.643448e+00
2.712339e-01 2.712339e-01 2.207078e+00 2.608121e+00
2.983145e-01 2.983145e-01 2.133047e+00 2.572234e+00
3.257339e-01 3.257339e-01 2.059555e+00 2.535820e+00
3.535645e-01 3.535645e-01 1.996571e+00 2.496400e+00
3.818548e-01 3.818548e-01 1.932546e+00 2.455616e+00
4.106774e-01 4.106774e-01 1.861318e+00 2.406838e+00
4.401048e-01 4.401048e-01 1.762196e+00 2.356253e+00
4.701935e-01 4.701935e-01 1.660847e+00 2.301759e+00
5.010242e-01 5.010242e-01 1.515163e+00 2.246808e+00
5.326694e-01 5.326694e-01 1.358014e+00 2.191753e+00
5.652177e-01 5.652177e-01 1.206062e+00 2.129349e+00
5.987339e-01 5.987339e-01 1.135429e+00 2.060790e+00
6.333065e-01 6.333065e-01 1.062569e+00 1.975412e+00
6.690242e-01 6.690242e-01 9.883063e-01 1.882381e+00
7.059758e-01 7.059758e-01 9.126480e-01 1.773756e+00
7.442500e-01 7.442500e-01 8.342818e-01 1.659781e+00
7.839516e-01 7.839516e-01 7.821374e-01 1.536992e+00
8.251613e-01 8.251613e-01 7.303634e-01 1.408083e+00
8.679839e-01 8.679839e-01 6.732061e-01 1.270526e+00
9.125806e-01 9.125806e-01 6.053528e-01 1.122268e+00
9.589516e-01 9.589516e-01 5.348001e-01 9.623799e-01
