&parameters
q0 =   1.1100
shat =  -0.1088
!rho =   0.4640
gridpoints =   128
n_pol =   1
/
    1.5670895880E+00    1.3782457437E+00   -4.4398690735E-02    1.9436982777E+00   -2.8837339523E-02    7.8407900311E-03    1.0706976721E+00   -4.3997157223E-02    1.1596233258E-01   -1.0190230520E+00    1.1638020048E+01    5.2114979351E+00   -3.4871678455E+00    3.8036839388E-01   -9.1623985139E-01   -6.9006181365E-01
    1.2443607510E+00    1.0532347893E+00   -4.0938855422E-02    1.7493262390E+00   -3.0728181880E-02    8.2100497793E-03    1.0331959340E+00   -4.6303211066E-02    1.1328024872E-01   -5.0145682290E-01    1.1698326572E+01    5.0929520445E+00   -3.4326808479E+00    3.3219412965E-01   -8.3281201898E-01   -5.8876656746E-01
    1.0508667749E+00    7.7176766000E-01   -3.8173994585E-02    1.5226607225E+00   -3.3250482707E-02    8.5458088529E-03    1.0022433414E+00   -2.1813406669E-02    6.5347888148E-02   -8.2678612403E-01    1.1815805196E+01    4.9919002065E+00   -3.3781938503E+00    2.6393791442E-01   -8.0711780307E-01   -4.7844016310E-01
    9.0761388242E-01    5.2940474958E-01   -3.2602893890E-02    1.3246935031E+00   -3.2281963642E-02    8.8447003453E-03    9.6023094602E-01   -4.9739531913E-02    2.6883221416E-02   -7.0523847537E-01    1.2024975272E+01    4.9068289638E+00   -3.3237068527E+00    1.8223478004E-01   -8.0174010546E-01   -3.8032554752E-01
    8.4257945712E-01    3.9674652094E-01   -2.5758805797E-02    1.2312862397E+00   -3.2029398881E-02    9.0814036658E-03    9.3811001698E-01   -6.1552493242E-02    4.6486263497E-02   -2.4857524261E-01    1.1981957199E+01    4.8424594406E+00   -3.2692198551E+00    9.7073962000E-02   -8.1308281995E-01   -3.2926072048E-01
    8.2381004028E-01    3.1097015925E-01   -1.9360355708E-02    1.1589000639E+00   -3.3211657160E-02    9.2389473102E-03    9.2628931012E-01   -4.4781537852E-02    3.0321295109E-02   -3.1592562417E-01    1.1966000866E+01    4.8009948142E+00   -3.2147328576E+00    8.2793847504E-03   -8.3375038728E-01   -2.9681713200E-01
    8.0382414099E-01    2.3418415685E-01   -1.2277731575E-02    1.1004224870E+00   -3.3352267197E-02    9.3180397415E-03    9.1088087604E-01   -5.3760139937E-02   -5.8956584984E-04   -2.2446728386E-01    1.2071016797E+01    4.7805757357E+00   -3.1602458600E+00   -8.3815016457E-02   -8.4571906482E-01   -2.6908343159E-01
    7.8658723106E-01    1.8161955338E-01   -4.5842675813E-03    1.0942470137E+00   -3.2665802798E-02    9.3139425544E-03    9.0979897607E-01   -5.3098156884E-02   -1.2286121118E-02    1.2986349145E-01    1.2037238841E+01    4.7816271035E+00   -3.1057588624E+00   -1.7425955513E-01   -8.4834912055E-01   -2.5423345817E-01
    7.7003224331E-01    1.5054986246E-01    2.4530126404E-03    1.1234643644E+00   -3.1955981412E-02    9.2278003693E-03    9.1784361262E-01   -4.7280704834E-02   -1.7281396051E-02    1.8100588718E-01    1.1989040530E+01    4.8038936770E+00   -3.0512718648E+00   -2.6025443260E-01   -8.4147493464E-01   -2.4758856381E-01
    7.5104142712E-01    1.1927875144E-01    8.8451657461E-03    1.1760226630E+00   -3.1270424702E-02    9.0663320522E-03    9.3220812251E-01   -3.4373078760E-02   -1.8725043089E-02    4.7877220732E-01    1.1963928496E+01    4.8464827529E+00   -2.9967848672E+00   -3.4135929258E-01   -8.2789115464E-01   -2.3876404372E-01
    7.2098520156E-01    7.4695333804E-02    1.3658668422E-02    1.2850610546E+00   -3.0813693662E-02    8.8443194532E-03    9.5964979017E-01   -1.3121175209E-03   -3.6301539659E-02    5.5745860503E-01    1.1819780912E+01    4.9069346222E+00   -2.9422978696E+00   -4.1709018417E-01   -8.0747070282E-01   -2.1882090405E-01
    6.6878713670E-01    1.6187695074E-02    1.7439734099E-02    1.4418086751E+00   -2.9731276955E-02    8.5818237190E-03    9.8183381685E-01   -1.7639188126E-02   -5.8890859944E-02    3.5411857659E-01    1.1763559087E+01    4.9814145778E+00   -2.8878108720E+00   -4.8540472217E-01   -7.7295107489E-01   -1.8945513718E-01
    6.3587871167E-01   -7.3433781459E-02    2.1576127328E-02    1.6046914082E+00   -2.8263945663E-02    8.2802821733E-03    1.0074683831E+00   -3.0932512427E-02   -4.7900894014E-02    7.5299346543E-01    1.1753308720E+01    5.0713071348E+00   -2.8333238745E+00   -5.4276708252E-01   -7.4614312432E-01   -1.5141903389E-01
    6.3695570698E-01   -2.3573132996E-01    2.4772032802E-02    1.8156926766E+00   -2.7650632326E-02    7.9479729147E-03    1.0492578733E+00    1.2735884271E-02   -7.1865457331E-02    8.3432351915E-01    1.1568595597E+01    5.1762386689E+00   -2.7788368769E+00   -5.8812268973E-01   -7.4284949018E-01   -8.9002932727E-02
    6.6512511515E-01   -4.4717044010E-01    2.6324468280E-02    2.0641443732E+00   -2.4673546679E-02    7.6123009733E-03    1.0830273101E+00    1.8666814462E-02   -1.0663231762E-01    6.1693064244E-01    1.1415021322E+01    5.2891332273E+00   -2.7243498793E+00   -6.1705857415E-01   -7.5757076321E-01   -1.3331527160E-02
    7.4819684109E-01   -7.0416785456E-01    2.7079766397E-02    2.3471397594E+00   -2.1263102302E-02    7.2879991682E-03    1.1226153576E+00    3.3235592151E-02   -8.8953527371E-02    9.2147010804E-01    1.1225116878E+01    5.4055305336E+00   -2.6698628817E+00   -6.2382299000E-01   -8.0243035340E-01    6.0687871891E-02
    9.0154039154E-01   -1.0310827205E+00    2.6202532834E-02    2.6694983852E+00   -1.7092401946E-02    6.9894942436E-03    1.1591048474E+00    6.4278810652E-02   -1.1070713786E-01    5.3008836593E-01    1.1031073040E+01    5.5197525180E+00   -2.6153758841E+00   -6.0852133634E-01   -8.8660918002E-01    1.3128332212E-01
    1.1366059626E+00   -1.3940729422E+00    2.3809250507E-02    2.9545378133E+00   -1.0497179538E-02    6.7330561067E-03    1.1894120094E+00    5.4584763440E-02   -1.1934896187E-01    6.7672519649E-01    1.0896619873E+01    5.6238841436E+00   -2.5608888865E+00   -5.6817020750E-01   -1.0114638572E+00    1.7132776170E-01
    1.4566156269E+00   -1.7496755382E+00    2.0100524696E-02    3.1193478677E+00   -2.9518559462E-03    6.5286995205E-03    1.2175062596E+00    7.9941749176E-02   -1.0725991433E-01    4.2594540782E-01    1.0775581977E+01    5.7112233110E+00   -2.5064018889E+00   -5.0169040277E-01   -1.1715506104E+00    1.4899465686E-01
    1.7903297204E+00   -1.9744883244E+00    1.4488611708E-02    3.0271716559E+00    5.8682740008E-03    6.3906769114E-03    1.2332990597E+00    1.1845875825E-01   -8.2632707115E-02    1.8243963967E-01    1.0728805724E+01    5.7725679148E+00   -2.4519148914E+00   -4.1238164509E-01   -1.3253981176E+00    2.8314663961E-02
    2.0747659694E+00   -1.9891923426E+00    7.8663634686E-03    2.6374826495E+00    1.3786459596E-02    6.3322036293E-03    1.2309626296E+00    1.6758463462E-01   -5.3800358560E-02   -2.1385791139E-01    1.0779508545E+01    5.7991593948E+00   -2.3974278938E+00   -3.0844573302E-01   -1.4232874467E+00   -1.9810753474E-01
    2.3010380855E+00   -1.8328419216E+00    3.3100995125E-06    2.1034419229E+00    2.0468699795E-02    6.3624978398E-03    1.2168760275E+00    1.8837124708E-01   -4.7360154056E-02   -3.7524871986E-01    1.0873923121E+01    5.7853369480E+00   -2.3429408962E+00   -2.0349617389E-01   -1.4337906089E+00   -4.9526010698E-01
    2.4218955848E+00   -1.5283847123E+00   -7.8251157810E-03    1.5497072325E+00    2.4714304222E-02    6.4825774218E-03    1.1904902595E+00    1.8814751906E-01   -2.4065625161E-02   -6.3873640681E-01    1.1040100209E+01    5.7315043439E+00   -2.2884538986E+00   -1.1167717725E-01   -1.3310484128E+00   -8.0047486812E-01
    2.4481143362E+00   -1.1418193807E+00   -1.5439022095E-02    1.0798411630E+00    2.6480973380E-02    6.6821528247E-03    1.1575067791E+00    1.8663233562E-01    5.5706868011E-03   -7.4231274924E-01    1.1242037222E+01    5.6452643066E+00   -2.2339669010E+00   -4.4911100536E-02   -1.1320114395E+00   -1.0634814474E+00
    2.3480850899E+00   -7.1850889424E-01   -2.2154542646E-02    7.5206376218E-01    2.5759060943E-02    6.9450303473E-03    1.1178794734E+00    1.6050323900E-01    2.6590625507E-02   -8.3304548143E-01    1.1492117236E+01    5.5373937749E+00   -2.1794799034E+00   -1.1615307388E-02   -8.6663187854E-01   -1.2354600836E+00
    2.1451165507E+00   -3.0225156842E-01   -2.7104139019E-02    5.8040077920E-01    2.2886159521E-02    7.2482061295E-03    1.0740913053E+00    1.2990696393E-01    3.6588506354E-02   -9.7876381466E-01    1.1795698666E+01    5.4203485491E+00   -2.1249929058E+00   -1.4167065298E-02   -5.7653740838E-01   -1.3081923457E+00
    1.9093636104E+00    5.5692088156E-02   -2.8882889043E-02    5.5463276998E-01    1.7373831592E-02    7.5593751940E-03    1.0275678252E+00    7.7845825718E-02    8.4171510054E-02   -7.4960789755E-01    1.2049961433E+01    5.3076164501E+00   -2.0705059083E+00   -4.9231448180E-02   -3.1577918141E-01   -1.3035686665E+00
    1.7327462146E+00    3.0140273722E-01   -3.0485273624E-02    6.3300057911E-01    1.0392611957E-02    7.8311875927E-03    1.0029894682E+00    6.6582642475E-02    8.2331639481E-02   -4.2874609759E-01    1.2028432238E+01    5.2146920711E+00   -2.0160189107E+00   -1.0811913066E-01   -1.3232328777E-01   -1.2635519719E+00
    1.5244088724E+00    4.6465879967E-01   -3.2351484293E-02    7.6426647264E-01    2.9487701405E-03    8.0417429945E-03    9.7424293489E-01    1.3237473917E-02    8.6411945163E-02   -7.8236806117E-01    1.2188788290E+01    5.1459716269E+00   -1.9615319131E+00   -1.8628087726E-01    2.6315863135E-03   -1.1807852164E+00
    1.3344728569E+00    5.7068352646E-01   -3.1121463263E-02    9.1072133248E-01   -4.8762054546E-03    8.1760938571E-03    9.4321561672E-01   -5.1862788336E-02    1.0440959367E-01   -3.7702502878E-01    1.2371831929E+01    5.1035167900E+00   -1.9070449155E+00   -2.7497586704E-01    9.0425371036E-02   -1.0990156728E+00
    1.2302222939E+00    6.2943565727E-01   -2.9966708699E-02    1.0321470380E+00   -1.2978580457E-02    8.2179642271E-03    9.3465675784E-01   -4.8715776961E-02    8.7098767508E-02   -7.9787879697E-02    1.2370620771E+01    5.0904990275E+00   -1.8525579179E+00   -3.6315185851E-01    1.3147484854E-01   -1.0505538595E+00
    1.1332918488E+00    6.3861729762E-01   -2.8411065115E-02    1.1144672391E+00   -1.9770705778E-02    8.1713936778E-03    9.2476293989E-01   -7.3696692605E-02    5.0913695231E-02   -2.3062794845E-01    1.2536374985E+01    5.1049843485E+00   -1.7980709203E+00   -4.4871538982E-01    1.4421696329E-01   -1.0068321957E+00
    1.0744895219E+00    6.4923578626E-01   -2.4873439562E-02    1.1854248796E+00   -2.4216484364E-02    8.0542725839E-03    9.2315813266E-01   -8.3766507123E-02    2.9837469157E-02    2.2227690931E-01    1.2616240973E+01    5.1419674164E+00   -1.7435839227E+00   -5.2640793753E-01    1.5404825653E-01   -9.8688589759E-01
    1.0813957795E+00    6.9555598668E-01   -2.1990502924E-02    1.2643338510E+00   -2.7812614600E-02    7.8848614438E-03    9.3991919204E-01   -6.2979207909E-02    9.5943599338E-03    3.1813588611E-01    1.2530612843E+01    5.1969130298E+00   -1.6890969252E+00   -5.9172031494E-01    1.7086643738E-01   -9.9542452001E-01
    1.0998016562E+00    7.5721471499E-01   -1.9119660636E-02    1.3458245975E+00   -3.0105143094E-02    7.6772562203E-03    9.5224282771E-01   -7.3427673383E-02   -1.2459193988E-02    2.9994733826E-01    1.2554626270E+01    5.2667107158E+00   -1.6346099276E+00   -6.4558085129E-01    1.9710527051E-01   -1.0066454259E+00
    1.1465803909E+00    8.6722280552E-01   -1.5866940859E-02    1.4867060262E+00   -3.1187172475E-02    7.4468539643E-03    9.7598789838E-01   -6.6507728864E-02   -1.5215782313E-02    6.6945077115E-01    1.2439601454E+01    5.3475648924E+00   -1.5801229300E+00   -6.8510166147E-01    2.4642403157E-01   -1.0256939347E+00
    1.2109302393E+00    1.0214982768E+00   -1.3617875636E-02    1.6931838116E+00   -3.2206723496E-02    7.2039346584E-03    1.0034280958E+00   -6.0630243926E-02   -2.8762370819E-02    3.6489933967E-01    1.2328414823E+01    5.4369782985E+00   -1.5256359324E+00   -7.0978698207E-01    3.1292477266E-01   -1.0427204468E+00
    1.2627824365E+00    1.1793919210E+00   -1.0091111468E-02    1.9314163802E+00   -3.1147184498E-02    6.9574632685E-03    1.0237147410E+00   -8.4374274256E-02   -3.3787350087E-02    5.9010603503E-01    1.2298902203E+01    5.5324439273E+00   -1.4711489348E+00   -7.1854687054E-01    3.9092216118E-01   -1.0465783021E+00
    1.3450457247E+00    1.3794815706E+00   -6.7245955272E-03    2.2527046235E+00   -2.9092062481E-02    6.7210386481E-03    1.0616115665E+00   -4.7652398314E-02   -5.5130118587E-02    6.7882944939E-01    1.2061110203E+01    5.6289097516E+00   -1.4166619372E+00   -7.0740500788E-01    4.8203384564E-01   -1.0516467763E+00
    1.3863468084E+00    1.5531923046E+00   -3.3986859709E-03    2.5851876914E+00   -2.5722606139E-02    6.5029813236E-03    1.0823851422E+00   -4.3900613479E-02   -9.0163038506E-02    2.8124720589E-01    1.2001193404E+01    5.7225056307E+00   -1.3621749396E+00   -6.7911761137E-01    5.7391014039E-01   -1.0272281571E+00
    1.4341080098E+00    1.7524391235E+00    1.1575798457E-03    3.0031790645E+00   -1.9957621133E-02    6.3176160885E-03    1.1116819958E+00   -4.1869561947E-02   -8.4102484181E-02    7.6274188014E-01    1.1825128469E+01    5.8058507398E+00   -1.3076879421E+00   -6.3140826522E-01    6.7919470497E-01   -9.8620000946E-01
    1.4353986057E+00    1.8913570223E+00    4.6744487900E-03    3.3897253383E+00   -1.4689685874E-02    6.1686247888E-03    1.1350644964E+00    2.2305918849E-03   -1.1845181912E-01    2.3521867212E-01    1.1700946203E+01    5.8755470001E+00   -1.2532009445E+00   -5.6620109312E-01    7.6584715716E-01   -9.1942076476E-01
    1.3500007891E+00    1.9109928574E+00    8.4990768619E-03    3.6841144846E+00   -7.9595555219E-03    6.0624461058E-03    1.1496344836E+00    2.1088827624E-02   -1.1485244263E-01    3.2249736707E-01    1.1622946619E+01    5.9267763146E+00   -1.1987139469E+00   -4.8785561431E-01    8.1937960422E-01   -8.1651871386E-01
    1.1734632992E+00    1.7745955974E+00    1.0828516434E-02    3.8110697630E+00   -2.3768382720E-03    6.0030590112E-03    1.1501986303E+00    8.0148732676E-02   -1.3890206052E-01   -2.6616967562E-01    1.1627150896E+01    5.9560203885E+00   -1.1442269493E+00   -4.0218557606E-01    8.1874705419E-01   -6.9540184375E-01
    9.3863781776E-01    1.5121100637E+00    1.2508625973E-02    3.8180645210E+00    3.8647075760E-03    5.9930409186E-03    1.1389904724E+00    7.6337564111E-02   -1.3547638959E-01   -1.5351058119E-01    1.1696449564E+01    5.9609964140E+00   -1.0897399517E+00   -3.1777496336E-01    7.6718739042E-01   -5.6916906447E-01
    7.1228667972E-01    1.1896651495E+00    1.2614564980E-02    3.7632706455E+00    8.0992230206E-03    6.0307108175E-03    1.1248205465E+00    7.8193483630E-02   -1.2752790735E-01   -4.8809661028E-01    1.1762482903E+01    5.9423500311E+00   -1.0352529541E+00   -2.4104267189E-01    6.8224659441E-01   -4.6951050316E-01
    5.2253266624E-01    8.1322837167E-01    1.1771537574E-02    3.5739351524E+00    1.1399193431E-02    6.1053620785E-03    1.0982508282E+00    6.3530248419E-02   -1.1492130876E-01   -5.5633059318E-01    1.1935978862E+01    5.9059092536E+00   -9.8076595654E-01   -1.7727225740E-01    5.7353731001E-01   -4.1339004051E-01
    4.0141292184E-01    4.3136547610E-01    1.0304726863E-02    3.3148402193E+00    1.3652236025E-02    6.2100942562E-03    1.0698324137E+00    3.7676720197E-02   -8.8998260224E-02   -6.4787495180E-01    1.2124745758E+01    5.8558964177E+00   -9.2627895896E-01   -1.2947056580E-01    4.6599025424E-01   -4.0886042206E-01
    3.6314424923E-01    7.7477804459E-02    8.5169434798E-03    2.9697473982E+00    1.4414921369E-02    6.3344538560E-03    1.0355878277E+00    6.1404170631E-03   -6.6168432049E-02   -6.7340081021E-01    1.2383018274E+01    5.7981292679E+00   -8.7179196137E-01   -9.7863076583E-02    3.8262815256E-01   -4.5308779745E-01
    4.1387739785E-01   -2.4020463625E-01    6.7149092697E-03    2.6064545814E+00    1.3576082492E-02    6.4678065838E-03    1.0104716657E+00   -6.1866133193E-03   -6.0138212754E-02   -3.2198333119E-01    1.2532961716E+01    5.7380452663E+00   -8.1730496379E-01   -8.0349441354E-02    3.3919467506E-01   -5.4023413233E-01
    5.5292314975E-01   -5.0806527315E-01    4.2444384879E-03    2.2687943296E+00    1.2990553038E-02    6.5976750355E-03    9.9816713805E-01    1.5234695253E-02   -5.9363978193E-02   -2.9621233219E-01    1.2516330737E+01    5.6812908284E+00   -7.6281796620E-01   -7.6506324491E-02    3.4999545401E-01   -6.5398454529E-01
    7.6174996023E-01   -6.9892348691E-01    1.1950855415E-03    1.9138467536E+00    1.2785560876E-02    6.7120600558E-03    9.8457002673E-01    2.1955546813E-03   -4.4993533865E-02   -2.0750768441E-01    1.2541305682E+01    5.6326733350E+00   -7.0833096861E-01   -8.7700752744E-02    4.1734256406E-01   -7.6639569342E-01
    1.0454771111E+00   -8.3726350433E-01   -2.4605255148E-03    1.5957643811E+00    1.1997250334E-02    6.7998948245E-03    9.8352674156E-01    3.2054512148E-02   -2.3177951101E-02    5.9612897574E-02    1.2435081057E+01    5.5961762539E+00   -6.5384397103E-01   -1.1074072911E-01    5.3776832849E-01   -8.6913290166E-01
    1.3639131076E+00   -9.1404562618E-01   -8.2252914359E-03    1.3187668835E+00    1.1975269567E-02    6.8444385762E-03    9.8142958565E-01    4.0340220543E-02   -8.2888545671E-03   -1.5339690422E-01    1.2415090399E+01    5.5779365123E+00   -5.9935697344E-01   -1.4379357601E-01    6.8957365001E-01   -9.3729214228E-01
    1.6675655517E+00   -9.1552114625E-01   -1.4189745624E-02    1.0706360328E+00    1.1538278798E-02    6.8375581512E-03    9.7323008378E-01    2.1446971567E-02    1.8585232526E-02   -1.0004565551E-01    1.2560408959E+01    5.5807422598E+00   -5.4486997586E-01   -1.8480092868E-01    8.4846092184E-01   -9.5824429678E-01
    1.9730750490E+00   -8.8141600667E-01   -1.9427345028E-02    8.7367685624E-01    9.8181495775E-03    6.7808678910E-03    9.7310627705E-01    1.6702998707E-02    5.0095323967E-02    1.0285196139E-01    1.2661931959E+01    5.6040221142E+00   -4.9038297827E-01   -2.2694413464E-01    1.0074733073E+00   -9.4995409707E-01
    2.2737063814E+00   -8.3678008567E-01   -2.4278244733E-02    7.3087241873E-01    7.6965478114E-03    6.6769182434E-03    9.8060612222E-01    3.3209032904E-03    6.0514321126E-02    1.5483628491E-01    1.2733246179E+01    5.6474767648E+00   -4.3589598069E-01   -2.6382943823E-01    1.1530404193E+00   -9.2516211977E-01
    2.5440719722E+00   -7.7686874819E-01   -2.7133079538E-02    6.2162532300E-01    4.9229438517E-03    6.5354957726E-03    9.8890571100E-01   -2.0994442994E-02    8.5714315472E-02    2.7083249486E-01    1.2825228112E+01    5.7082529924E+00   -3.8140898310E-01   -2.9088537136E-01    1.2836757891E+00   -8.8521265167E-01
    2.8255515205E+00   -7.2368575177E-01   -2.7822526378E-02    5.4437474544E-01    1.7445970292E-03    6.3730716490E-03    1.0071930390E+00   -3.0483254865E-02    8.5577223684E-02    4.0811620574E-01    1.2798084851E+01    5.7805356178E+00   -3.2692198551E-01   -3.0206735539E-01    1.4121099743E+00   -8.4263506414E-01
    3.0543510078E+00   -6.4854958162E-01   -2.6840697459E-02    4.7729059519E-01   -1.2595603598E-03    6.2026940869E-03    1.0184284197E+00   -5.9627295395E-02    7.1501003787E-02    1.5901867420E-01    1.2866205338E+01    5.8593885863E+00   -2.7243498793E-01   -2.9508438166E-01    1.5279421330E+00   -7.7691508588E-01
    3.3308088980E+00   -5.6586033223E-01   -2.2595971196E-02    4.1825422538E-01   -4.3778552709E-03    6.0438316745E-03    1.0358218843E+00   -6.7709487271E-02    7.8236991496E-02    5.9177009890E-01    1.2808676222E+01    5.9358962538E+00   -2.1794799034E-01   -2.6765367038E-01    1.6641758479E+00   -6.9054215659E-01
    3.6322182138E+00   -4.6892690713E-01   -1.9237607065E-02    3.6730241243E-01   -6.5639091779E-03    5.9075384169E-03    1.0555709663E+00   -7.8807397170E-02    4.9533451810E-02    6.6267692216E-02    1.2729299769E+01    6.0039795559E+00   -1.6346099276E-01   -2.2035768065E-01    1.7986646353E+00   -5.7825377338E-01
    3.8026724145E+00   -3.3191620571E-01   -1.2611932661E-02    3.2502965521E-01   -8.3738971017E-03    5.8008968790E-03    1.0610433233E+00   -1.0309977597E-01    4.2265484084E-02    3.4040717181E-01    1.2759560103E+01    6.0589156916E+00   -1.0897399517E-01   -1.5710290225E-01    1.8983603670E+00   -4.1410178428E-01
    4.0305308146E+00   -1.7563707569E-01   -6.4564400759E-03    2.9856827513E-01   -9.4396126751E-03    5.7380987697E-03    1.0828389768E+00   -8.9615490397E-02    2.6938071913E-02    1.7116634125E-01    1.2563814201E+01    6.0919800480E+00   -5.4486997586E-02   -8.1710396683E-02    1.9938803942E+00   -2.1841950280E-01
    4.0490479805E+00    5.3298435905E-10   -3.0986515352E-10    2.8862713814E-01   -9.8305803972E-03    5.7152789800E-03    1.0810481630E+00   -1.0486174259E-01   -3.6372682091E-05    6.9917920953E-02    1.2610885957E+01    6.1041298673E+00    0.0000000000E+00    0.0000000000E+00    2.0122246347E+00    0.0000000000E+00
    4.0305308082E+00    1.7563707649E-01    6.4564394528E-03    2.9856827498E-01   -9.4396126731E-03    5.7380987697E-03    1.0828389758E+00   -8.9615490375E-02   -2.6938071915E-02   -1.7116635080E-01    1.2563814211E+01    6.0919800480E+00    5.4486997586E-02    8.1710396683E-02    1.9938803929E+00    2.1841950255E-01
    3.8026724023E+00    3.3191620605E-01    1.2611932009E-02    3.2502965503E-01   -8.3738971001E-03    5.8008968790E-03    1.0610433217E+00   -1.0309977594E-01   -4.2265484055E-02   -3.4040718265E-01    1.2759560122E+01    6.0589156916E+00    1.0897399517E-01    1.5710290225E-01    1.8983603647E+00    4.1410178365E-01
    3.6322181958E+00    4.6892690674E-01    1.9237606381E-02    3.6730241219E-01   -6.5639091771E-03    5.9075384169E-03    1.0555709639E+00   -7.8807397144E-02   -4.9533451731E-02   -6.6267700743E-02    1.2729299797E+01    6.0039795559E+00    1.6346099276E-01    2.2035768065E-01    1.7986646319E+00    5.7825377218E-01
    3.3308088767E+00    5.6586033116E-01    2.2595970476E-02    4.1825422479E-01   -4.3778552709E-03    6.0438316745E-03    1.0358218809E+00   -6.7709487214E-02   -7.8236991269E-02   -5.9177010440E-01    1.2808676265E+01    5.9358962538E+00    2.1794799034E-01    2.6765367038E-01    1.6641758438E+00    6.9054215512E-01
    3.0543509833E+00    6.4854957952E-01    2.6840696691E-02    4.7729059449E-01   -1.2595603631E-03    6.2026940869E-03    1.0184284157E+00   -5.9627295342E-02   -7.1501003546E-02   -1.5901868022E-01    1.2866205388E+01    5.8593885863E+00    2.7243498793E-01    2.9508438166E-01    1.5279421283E+00    7.7691508368E-01
    2.8255514943E+00    7.2368574865E-01    2.7822525580E-02    5.4437474463E-01    1.7445970233E-03    6.3730716490E-03    1.0071930345E+00   -3.0483254833E-02   -8.5577223367E-02   -4.0811620734E-01    1.2798084908E+01    5.7805356178E+00    3.2692198551E-01    3.0206735539E-01    1.4121099692E+00    8.4263506125E-01
    2.5440719459E+00    7.7686874400E-01    2.7133078711E-02    6.2162532205E-01    4.9229438420E-03    6.5354957726E-03    9.8890570622E-01   -2.0994442973E-02   -8.5714315126E-02   -2.7083249595E-01    1.2825228174E+01    5.7082529924E+00    3.8140898310E-01    2.9088537136E-01    1.2836757840E+00    8.8521264814E-01
    2.2737063563E+00    8.3678008046E-01    2.4278243891E-02    7.3087241757E-01    7.6965477959E-03    6.6769182434E-03    9.8060611724E-01    3.3209032902E-03   -6.0514320868E-02   -1.5483628385E-01    1.2733246243E+01    5.6474767648E+00    4.3589598069E-01    2.6382943823E-01    1.1530404144E+00    9.2516211564E-01
    1.9730750266E+00    8.8141600071E-01    1.9427344195E-02    8.7367685482E-01    9.8181495604E-03    6.7808678910E-03    9.7310627187E-01    1.6702998695E-02   -5.0095323737E-02   -1.0285195908E-01    1.2661932026E+01    5.6040221142E+00    4.9038297827E-01    2.2694413464E-01    1.0074733027E+00    9.4995409255E-01
    1.6675655327E+00    9.1552113983E-01    1.4189744820E-02    1.0706360311E+00    1.1538278778E-02    6.8375581512E-03    9.7323007842E-01    2.1446971550E-02   -1.8585232436E-02    1.0004565724E-01    1.2560409028E+01    5.5807422598E+00    5.4486997586E-01    1.8480092868E-01    8.4846091786E-01    9.5824429214E-01
    1.3639130933E+00    9.1404562041E-01    8.2252906641E-03    1.3187668817E+00    1.1975269544E-02    6.8444385762E-03    9.8142958018E-01    4.0340220514E-02    8.2888545096E-03    1.5339690773E-01    1.2415090468E+01    5.5779365123E+00    5.9935697344E-01    1.4379357601E-01    6.8957364657E-01    9.3729213820E-01
    1.0454771011E+00    8.3726349953E-01    2.4605247801E-03    1.5957643794E+00    1.1997250313E-02    6.7998948245E-03    9.8352673599E-01    3.2054512124E-02    2.3177950963E-02   -5.9612893748E-02    1.2435081128E+01    5.5961762539E+00    6.5384397103E-01    1.1074072911E-01    5.3776832553E-01    8.6913289808E-01
    7.6174995365E-01    6.9892348342E-01   -1.1950862481E-03    1.9138467514E+00    1.2785560854E-02    6.7120600558E-03    9.8457002075E-01    2.1955546734E-03    4.4993533617E-02    2.0750768348E-01    1.2541305758E+01    5.6326733350E+00    7.0833096861E-01    8.7700752744E-02    4.1734256115E-01    7.6639569055E-01
    5.5292314565E-01    5.0806527206E-01   -4.2444391565E-03    2.2687943271E+00    1.2990553016E-02    6.5976750355E-03    9.9816713153E-01    1.5234695256E-02    5.9363977809E-02    2.9621233205E-01    1.2516330819E+01    5.6812908284E+00    7.6281796620E-01    7.6506324491E-02    3.4999545051E-01    6.5398454337E-01
    4.1387739495E-01    2.4020463892E-01   -6.7149098989E-03    2.6064545786E+00    1.3576082476E-02    6.4678065838E-03    1.0104716585E+00   -6.1866132996E-03    6.0138212371E-02    3.2198332834E-01    1.2532961805E+01    5.7380452663E+00    8.1730496379E-01    8.0349441354E-02    3.3919467030E-01    5.4023413143E-01
    3.6314424577E-01   -7.7477798474E-02   -8.5169440640E-03    2.9697473972E+00    1.4414921354E-02    6.3344538560E-03    1.0355878206E+00    6.1404171326E-03    6.6168431588E-02    6.7340080643E-01    1.2383018359E+01    5.7981292679E+00    8.7179196137E-01    9.7863076583E-02    3.8262814658E-01    4.5308779695E-01
    4.0141291573E-01   -4.3136546516E-01   -1.0304727403E-02    3.3148402193E+00    1.3652236012E-02    6.2100942562E-03    1.0698324058E+00    3.7676720296E-02    8.8998259475E-02    6.4787495134E-01    1.2124745846E+01    5.8558964177E+00    9.2627895896E-01    1.2947056580E-01    4.6599024621E-01    4.0886042155E-01
    5.2253265569E-01   -8.1322835530E-01   -1.1771538084E-02    3.5739351532E+00    1.1399193423E-02    6.1053620785E-03    1.0982508203E+00    6.3530248538E-02    1.1492130773E-01    5.5633059610E-01    1.1935978949E+01    5.9059092536E+00    9.8076595654E-01    1.7727225740E-01    5.7353729980E-01    4.1339003953E-01
    7.1228666270E-01   -1.1896651271E+00   -1.2614565478E-02    3.7632706463E+00    8.0992230197E-03    6.0307108175E-03    1.1248205385E+00    7.8193483740E-02    1.2752790614E-01    4.8809661508E-01    1.1762482986E+01    5.9423500311E+00    1.0352529541E+00    2.4104267189E-01    6.8224658183E-01    4.6951050109E-01
    9.3863779411E-01   -1.5121100370E+00   -1.2508626484E-02    3.8180645218E+00    3.8647075732E-03    5.9930409186E-03    1.1389904647E+00    7.6337564216E-02    1.3547638836E-01    1.5351058822E-01    1.1696449643E+01    5.9609964140E+00    1.0897399517E+00    3.1777496336E-01    7.6718737639E-01    5.6916906074E-01
    1.1734632681E+00   -1.7745955665E+00   -1.0828516988E-02    3.8110697644E+00   -2.3768382749E-03    6.0030590112E-03    1.1501986232E+00    8.0148732762E-02    1.3890205925E-01    2.6616968233E-01    1.1627150968E+01    5.9560203885E+00    1.1442269493E+00    4.0218557606E-01    8.1874703884E-01    6.9540183804E-01
    1.3500007513E+00   -1.9109928231E+00   -8.4990774737E-03    3.6841144860E+00   -7.9595555283E-03    6.0624461058E-03    1.1496344765E+00    2.1088827724E-02    1.1485244182E-01   -3.2249736263E-01    1.1622946690E+01    5.9267763146E+00    1.1987139469E+00    4.8785561431E-01    8.1937958791E-01    8.1651870598E-01
    1.4353985643E+00   -1.8913569880E+00   -4.6744494930E-03    3.3897253409E+00   -1.4689685885E-02    6.1686247888E-03    1.1350644894E+00    2.2305920274E-03    1.1845181842E-01   -2.3521867005E-01    1.1700946275E+01    5.8755470001E+00    1.2532009445E+00    5.6620109312E-01    7.6584714105E-01    9.1942075508E-01
    1.4341079661E+00   -1.7524390887E+00   -1.1575806418E-03    3.0031790665E+00   -1.9957621150E-02    6.3176160885E-03    1.1116819892E+00   -4.1869561947E-02    8.4102483974E-02   -7.6274187980E-01    1.1825128539E+01    5.8058507398E+00    1.3076879421E+00    6.3140826522E-01    6.7919468909E-01    9.8619999810E-01
    1.3863467654E+00   -1.5531922718E+00    3.3986850559E-03    2.5851876932E+00   -2.5722606160E-02    6.5029813236E-03    1.0823851361E+00   -4.3900613476E-02    9.0163038337E-02   -2.8124720868E-01    1.2001193473E+01    5.7225056307E+00    1.3621749396E+00    6.7911761137E-01    5.7391012529E-01    1.0272281451E+00
    1.3450456835E+00   -1.3794815396E+00    6.7245945187E-03    2.2527046248E+00   -2.9092062505E-02    6.7210386481E-03    1.0616115613E+00   -4.7652398365E-02    5.5130118721E-02   -6.7882945098E-01    1.2061110262E+01    5.6289097516E+00    1.4166619372E+00    7.0740500787E-01    4.8203383134E-01    1.0516467642E+00
    1.2627823973E+00   -1.1793918919E+00    1.0091110363E-02    1.9314163806E+00   -3.1147184521E-02    6.9574632685E-03    1.0237147360E+00   -8.4374274281E-02    3.3787350784E-02   -5.9010604098E-01    1.2298902263E+01    5.5324439273E+00    1.4711489348E+00    7.1854687054E-01    3.9092214715E-01    1.0465782902E+00
    1.2109302019E+00   -1.0214982498E+00    1.3617874455E-02    1.6931838120E+00   -3.2206723518E-02    7.2039346584E-03    1.0034280909E+00   -6.0630243944E-02    2.8762371335E-02   -3.6489934424E-01    1.2328414883E+01    5.4369782985E+00    1.5256359324E+00    7.0978698207E-01    3.1292475916E-01    1.0427204351E+00
    1.1465803570E+00   -8.6722278089E-01    1.5866939637E-02    1.4867060264E+00   -3.1187172505E-02    7.4468539643E-03    9.7598789409E-01   -6.6507728879E-02    1.5215783016E-02   -6.6945077518E-01    1.2439601509E+01    5.3475648924E+00    1.5801229300E+00    6.8510166147E-01    2.4642401842E-01    1.0256939239E+00
    1.0998016236E+00   -7.5721469194E-01    1.9119659358E-02    1.3458245979E+00   -3.0105143119E-02    7.6772562203E-03    9.5224282346E-01   -7.3427673398E-02    1.2459194817E-02   -2.9994734478E-01    1.2554626326E+01    5.2667107158E+00    1.6346099276E+00    6.4558085129E-01    1.9710525755E-01    1.0066454154E+00
    1.0813957470E+00   -6.9555596430E-01    2.1990501609E-02    1.2643338512E+00   -2.7812614619E-02    7.8848614438E-03    9.3991918780E-01   -6.2979207916E-02   -9.5943590909E-03   -3.1813589158E-01    1.2530612899E+01    5.1969130298E+00    1.6890969252E+00    5.9172031494E-01    1.7086642415E-01    9.9542450964E-01
    1.0744894896E+00   -6.4923576489E-01    2.4873438243E-02    1.1854248797E+00   -2.4216484382E-02    8.0542725839E-03    9.2315812859E-01   -8.3766507126E-02   -2.9837467924E-02   -2.2227691766E-01    1.2616241028E+01    5.1419674164E+00    1.7435839227E+00    5.2640793753E-01    1.5404824323E-01    9.8688588744E-01
    1.1332918145E+00   -6.3861727699E-01    2.8411063825E-02    1.1144672390E+00   -1.9770705803E-02    8.1713936778E-03    9.2476293565E-01   -7.3696692589E-02   -5.0913693998E-02    2.3062793914E-01    1.2536375042E+01    5.1049843485E+00    1.7980709203E+00    4.4871538982E-01    1.4421695001E-01    1.0068321850E+00
    1.2302222587E+00   -6.2943563837E-01    2.9966707499E-02    1.0321470378E+00   -1.2978580484E-02    8.2179642271E-03    9.3465675361E-01   -4.8715776917E-02   -8.7098766431E-02    7.9787873650E-02    1.2370620827E+01    5.0904990275E+00    1.8525579179E+00    3.6315185850E-01    1.3147483563E-01    1.0505538485E+00
    1.3344728219E+00   -5.7068351026E-01    3.1121462170E-02    9.1072133217E-01   -4.8762054813E-03    8.1760938571E-03    9.4321561240E-01   -5.1862788276E-02   -1.0440959246E-01    3.7702502089E-01    1.2371831985E+01    5.1035167900E+00    1.9070449155E+00    2.7497586704E-01    9.0425359120E-02    1.0990156616E+00
    1.5244088374E+00   -4.6465878624E-01    3.2351483314E-02    7.6426647209E-01    2.9487701188E-03    8.0417429945E-03    9.7424293007E-01    1.3237474001E-02   -8.6411944892E-02    7.8236805813E-01    1.2188788350E+01    5.1459716269E+00    1.9615319131E+00    1.8628087726E-01    2.6315759292E-03    1.1807852049E+00
    1.7327461825E+00   -3.0140272694E-01    3.0485272791E-02    6.3300057870E-01    1.0392611938E-02    7.8311875927E-03    1.0029894634E+00    6.6582642572E-02   -8.2331639943E-02    4.2874610189E-01    1.2028432296E+01    5.2146920711E+00    2.0160189107E+00    1.0811913066E-01   -1.3232329649E-01    1.2635519608E+00
    1.9093635839E+00   -5.5692080634E-02    2.8882888334E-02    5.5463277013E-01    1.7373831574E-02    7.5593751940E-03    1.0275678205E+00    7.7845825836E-02   -8.4171510681E-02    7.4960790181E-01    1.2049961487E+01    5.3076164501E+00    2.0705059083E+00    4.9231448179E-02   -3.1577918882E-01    1.3035686567E+00
    2.1451165326E+00    3.0225157397E-01    2.7104138444E-02    5.8040077941E-01    2.2886159506E-02    7.2482061295E-03    1.0740913001E+00    1.2990696395E-01   -3.6588507859E-02    9.7876382301E-01    1.1795698723E+01    5.4203485491E+00    2.1249929058E+00    1.4167065298E-02   -5.7653741466E-01    1.3081923376E+00
    2.3480850831E+00    7.1850889969E-01    2.2154542193E-02    7.5206376245E-01    2.5759060923E-02    6.9450303473E-03    1.1178794679E+00    1.6050323893E-01   -2.6590627402E-02    8.3304549292E-01    1.1492117293E+01    5.5373937749E+00    2.1794799034E+00    1.1615307388E-02   -8.6663188489E-01    1.2354600776E+00
    2.4481143415E+00    1.1418193878E+00    1.5439021727E-02    1.0798411630E+00    2.6480973347E-02    6.6821528247E-03    1.1575067736E+00    1.8663233546E-01   -5.5706889750E-03    7.4231276305E-01    1.1242037275E+01    5.6452643066E+00    2.2339669010E+00    4.4911100536E-02   -1.1320114468E+00    1.0634814430E+00
    2.4218956035E+00    1.5283847245E+00    7.8251154530E-03    1.5497072332E+00    2.4714304183E-02    6.4825774218E-03    1.1904902550E+00    1.8814751891E-01    2.4065622907E-02    6.3873642159E-01    1.1040100251E+01    5.7315043439E+00    2.2884538986E+00    1.1167717725E-01   -1.3310484225E+00    8.0047486416E-01
    2.3010381170E+00    1.8328419406E+00   -3.3104286832E-06    2.1034419229E+00    2.0468699754E-02    6.3624978398E-03    1.2168760235E+00    1.8837124688E-01    4.7360151723E-02    3.7524873566E-01    1.0873923157E+01    5.7853369480E+00    2.3429408962E+00    2.0349617389E-01   -1.4337906216E+00    4.9526010192E-01
    2.0747660103E+00    1.9891923698E+00   -7.8663638523E-03    2.6374826495E+00    1.3786459552E-02    6.3322036293E-03    1.2309626262E+00    1.6758463448E-01    5.3800356400E-02    2.1385792611E-01    1.0779508575E+01    5.7991593948E+00    2.3974278938E+00    3.0844573302E-01   -1.4232874619E+00    1.9810752686E-01
    1.7903297678E+00    1.9744883602E+00   -1.4488612185E-02    3.0271716574E+00    5.8682739561E-03    6.3906769114E-03    1.2332990576E+00    1.1845875811E-01    8.2632705538E-02   -1.8243962849E-01    1.0728805742E+01    5.7725679148E+00    2.4519148914E+00    4.1238164509E-01   -1.3253981344E+00   -2.8314675276E-02
    1.4566156741E+00    1.7496755784E+00   -2.0100525303E-02    3.1193478689E+00   -2.9518559945E-03    6.5286995205E-03    1.2175062591E+00    7.9941749066E-02    1.0725991331E-01   -4.2594540010E-01    1.0775581982E+01    5.7112233110E+00    2.5064018889E+00    5.0169040277E-01   -1.1715506271E+00   -1.4899467136E-01
    1.1366060035E+00    1.3940729821E+00   -2.3809251248E-02    2.9545378118E+00   -1.0497179588E-02    6.7330561067E-03    1.1894120086E+00    5.4584763283E-02    1.1934896115E-01   -6.7672519054E-01    1.0896619880E+01    5.6238841436E+00    2.5608888865E+00    5.6817020750E-01   -1.0114638719E+00   -1.7132777868E-01
    9.0154042485E-01    1.0310827580E+00   -2.6202533707E-02    2.6694983827E+00   -1.7092401991E-02    6.9894942436E-03    1.1591048474E+00    6.4278810574E-02    1.1070713707E-01   -5.3008835940E-01    1.1031073040E+01    5.5197525180E+00    2.6153758841E+00    6.0852133634E-01   -8.8660919243E-01   -1.3128334024E-01
    7.4819686564E-01    7.0416788847E-01   -2.7079767382E-02    2.3471397571E+00   -2.1263102342E-02    7.2879991682E-03    1.1226153572E+00    3.3235592108E-02    8.8953526940E-02   -9.2147010395E-01    1.1225116882E+01    5.4055305336E+00    2.6698628817E+00    6.2382299000E-01   -8.0243036275E-01   -6.0687890234E-02
    6.6512513377E-01    4.4717047146E-01   -2.6324469367E-02    2.0641443713E+00   -2.4673546709E-02    7.6123009733E-03    1.0830273106E+00    1.8666814393E-02    1.0663231747E-01   -6.1693064048E-01    1.1415021318E+01    5.2891332273E+00    2.7243498793E+00    6.1705857415E-01   -7.5757077086E-01    1.3331509073E-02
    6.3695572038E-01    2.3573135856E-01   -2.4772033989E-02    1.8156926748E+00   -2.7650632356E-02    7.9479729147E-03    1.0492578744E+00    1.2735884233E-02    7.1865457271E-02   -8.3432351845E-01    1.1568595586E+01    5.1762386689E+00    2.7788368769E+00    5.8812268973E-01   -7.4284949632E-01    8.9002915251E-02
    6.3587872020E-01    7.3433807247E-02   -2.1576128570E-02    1.6046914065E+00   -2.8263945683E-02    8.2802821733E-03    1.0074683843E+00   -3.0932512438E-02    4.7900894533E-02   -7.5299346918E-01    1.1753308706E+01    5.0713071348E+00    2.8333238745E+00    5.4276708252E-01   -7.4614312906E-01    1.5141901730E-01
    6.6878714267E-01   -1.6187671303E-02   -1.7439735390E-02    1.4418086735E+00   -2.9731276978E-02    8.5818237190E-03    9.8183381849E-01   -1.7639188153E-02    5.8890860329E-02   -3.5411857868E-01    1.1763559067E+01    4.9814145778E+00    2.8878108720E+00    4.8540472217E-01   -7.7295107921E-01    1.8945512141E-01
    7.2098520632E-01   -7.4695312194E-02   -1.3658669763E-02    1.2850610535E+00   -3.0813693675E-02    8.8443194532E-03    9.5964979259E-01   -1.3121175411E-03    3.6301539784E-02   -5.5745860649E-01    1.1819780882E+01    4.9069346222E+00    2.9422978696E+00    4.1709018417E-01   -8.0747070720E-01    2.1882088932E-01
    7.5104143054E-01   -1.1927873147E-01   -8.8451671189E-03    1.1760226620E+00   -3.1270424713E-02    9.0663320522E-03    9.3220812525E-01   -3.4373078755E-02    1.8725043643E-02   -4.7877221209E-01    1.1963928461E+01    4.8464827529E+00    2.9967848672E+00    3.4135929258E-01   -8.2789115908E-01    2.3876402985E-01
    7.7003224507E-01   -1.5054984304E-01   -2.4530140263E-03    1.1234643634E+00   -3.1955981422E-02    9.2278003693E-03    9.1784361559E-01   -4.7280704823E-02    1.7281396801E-02   -1.8100589240E-01    1.1989040491E+01    4.8038936770E+00    3.0512718648E+00    2.6025443260E-01   -8.4147493926E-01    2.4758855018E-01
    7.8658723101E-01   -1.8161953427E-01    4.5842661946E-03    1.0942470127E+00   -3.2665802804E-02    9.3139425544E-03    9.0979897923E-01   -5.3098156866E-02    1.2286121946E-02   -1.2986349714E-01    1.2037238799E+01    4.7816271035E+00    3.1057588624E+00    1.7425955513E-01   -8.4834912536E-01    2.5423344471E-01
    8.0382413817E-01   -2.3418413753E-01    1.2277730204E-02    1.1004224862E+00   -3.3352267202E-02    9.3180397415E-03    9.1088087947E-01   -5.3760139919E-02    5.8956665841E-04    2.2446727939E-01    1.2071016751E+01    4.7805757357E+00    3.1602458600E+00    8.3815016457E-02   -8.4571906964E-01    2.6908341791E-01
    8.2381003416E-01   -3.1097013899E-01    1.9360354390E-02    1.1589000621E+00   -3.3211657163E-02    9.2389473102E-03    9.2628931349E-01   -4.4781537803E-02   -3.0321294554E-02    3.1592562087E-01    1.1966000823E+01    4.8009948142E+00    3.2147328576E+00   -8.2793847504E-03   -8.3375039201E-01    2.9681711769E-01
    8.4257944781E-01   -3.9674650030E-01    2.5758804540E-02    1.2312862376E+00   -3.2029398870E-02    9.0814036658E-03    9.3811002057E-01   -6.1552493168E-02   -4.6486262780E-02    2.4857523738E-01    1.1981957153E+01    4.8424594406E+00    3.2692198551E+00   -9.7073962000E-02   -8.1308282446E-01    3.2926070603E-01
    9.0761386837E-01   -5.2940472775E-01    3.2602892669E-02    1.3246935004E+00   -3.2281963632E-02    8.8447003453E-03    9.6023094972E-01   -4.9739531851E-02   -2.6883220783E-02    7.0523847301E-01    1.2024975225E+01    4.9068289638E+00    3.3237068527E+00   -1.8223478004E-01   -8.0174010942E-01    3.8032553254E-01
    1.0508667537E+00   -7.7176763528E-01    3.8173993418E-02    1.5226607188E+00   -3.3250482681E-02    8.5458088529E-03    1.0022433455E+00   -2.1813406610E-02   -6.5347888137E-02    8.2678612507E-01    1.1815805147E+01    4.9919002065E+00    3.3781938503E+00   -2.6393791442E-01   -8.0711780604E-01    4.7844014684E-01
    1.2443607228E+00   -1.0532347623E+00    4.0938854367E-02    1.7493262342E+00   -3.0728181859E-02    8.2100497793E-03    1.0331959384E+00   -4.6303210949E-02   -1.1328024859E-01    5.0145682013E-01    1.1698326522E+01    5.0929520445E+00    3.4326808479E+00   -3.3219412965E-01   -8.3281202047E-01    5.8876655033E-01
